country	en	fr	de	ru	ar
Argentina	0.000244532566285	0.000217673150473	0.000188384510693	0.000237020867644	0.008726746033216
Australia	0.000716305454262	0.000416951108491	0.000391595676774	0.000451229367172	0.020436753390493
Austria	0.000270414020633	0.000376755546313	0.000925984582864	0.000517633219715	0.010457989848999
Belgium	0.000270583230304	0.000626760069281	0.000306740141241	0.000307488196995	0.011036840493425
Brazil	0.000395984185161	0.000374899071176	0.000263125053607	0.000417771225329	0.013974155395352
Canada	0.000885886605829	0.000683624763042	0.000453260756331	0.000589492032304	0.025821885597688
China	0.000609812501352	0.000294657802442	0.00018497306155	0.000904492218979	0.027285048422796
Denmark	0.000234171107877	0.000204897733056	0.000291860924335	0.000296025071293	0.008243360048366
Egypt	0.000222792179557	0.000266169459792	0.000190808525076	0.000335194345098	0.092997761845066
Finland	0.000223182694754	0.000164033452165	0.000196787819732	0.000328098074533	0.005866118947342
France	0.001172246644273	0.002361542312428	0.001267068088055	0.001839530654252	0.065007729890115
Germany	0.001049954327755	0.001026108046062	0.001817951793782	0.001759781618603	0.042724293932345
Greece	0.000246420648182	0.000223480994464	0.000236792970099	0.000334690936143	0.029241391342296
Hungary	0.000194451233256	0.000356048141839	0.000254581798799	0.000339710881235	0.001409728044085
India	0.00081707991194	0.000405114464229	0.00034493667772	0.000557077990379	0.035817866022291
Indonesia	0.000213789913687	0.000188914054888	0.000126343395095	0.000182541843969	0.009662663570153
Iran	0.00039821251994	0.000172401632881	0.000160112162121	0.000307205482386	0.024764078224988
Israel	0.000225259645958	0.000181708033779	0.000191853061551	0.000309466733597	0.015906284089041
Italy	0.000678347540088	0.000905397406314	0.000846433918923	0.001356467022561	0.049902788324566
Japan	0.000647208245937	0.000642626953777	0.000440327217802	0.000755035958719	0.029213195100809
Mexico	0.000324615713907	0.000272928155027	0.000226285759709	0.000377006537747	0.012941980683307
Netherlands	0.000420966651291	0.000424417929025	0.000435212190496	0.00047600310063	0.014850888972206
New Zealand	0.000365753250662	0.000162307303981	0.000160637951922	0.000176286048372	0.007663517721708
Norway	0.000305365188979	0.000232858699746	0.000253047794104	0.000310049887048	0.0068891482417
Pakistan	0.000236929598032	0.000132674016641	9.90102489595301E-05	0.000175963199581	0.011244513164161
Philippines	0.000243732094532	0.000155096073286	0.000147433107486	0.000144150224514	0.006493854100275
Poland	0.000489979516715	0.000380555837182	0.000442735297838	0.000777623150498	0.011074062766829
Portugal	0.00024068581115	0.000288488517981	0.000270517921308	0.000451667729067	0.011396365731909
Romania	0.000301934866002	0.000159704562975	0.000193621424842	0.000255349877989	0.014479655664669
Russia	0.000528891861904	0.000515278137755	0.00050373992417	0.003244558582082	0.044550803563407
South Africa	0.000286947848508	0.000194489286514	0.000194474603632	0.000181120369234	0.010144246636232
South Korea	0.000191579325474	0.000119262615044	0.000114672584459	0.00017385162937	0.005039081828272
Spain	0.000495521817356	0.000715958769433	0.000476540386444	0.000993653084151	0.053858934724477
Sweden	0.000368005421478	0.000321350671584	0.000403974234359	0.000445313227829	0.01324706105135
Switzerland	0.000315667391988	0.000553620455321	0.00090984266717	0.000470714410767	0.014436132775215
Taiwan	0.000193565632799	9.57855809247121E-05	0.00010341428424	5.25846735399682E-05	0.004471852295964
Turkey	0.000294669764116	0.000235215906287	0.000298653641948	0.000399689655751	0.024283818225474
Ukraine	0.00018323653785	0.000147395054228	0.000186349017895	0.001703234622255	0.010035277833356
United Kingdom	0.00113297929056	0.000725772755686	8.31285360618494E-05	0.001141928485595	0.047452605525271
United States	0.002901197643951	0.002083194209263	0.002111742040142	0.00262342998758	0.146949465244204
